12270.a.jpg (128,128,3)
09813.a.jpg (128,128,3)
00385.a.jpg (128,128,3)
11693.a.jpg (128,128,3)
04132.a.jpg (128,128,3)
08209.a.jpg (128,128,3)
03212.a.jpg (128,128,3)
11472.a.jpg (128,128,3)
01164.a.jpg (128,128,3)
00199.a.jpg (128,128,3)
14115.a.jpg (128,128,3)
03950.a.jpg (128,128,3)
04891.a.jpg (128,128,3)
14291.a.jpg (128,128,3)
09618.a.jpg (128,128,3)
02646.a.jpg (128,128,3)
08933.a.jpg (128,128,3)
08976.a.jpg (128,128,3)
01631.a.jpg (128,128,3)
02196.a.jpg (128,128,3)
10898.a.jpg (128,128,3)
08404.a.jpg (128,128,3)
06185.a.jpg (128,128,3)
01495.a.jpg (128,128,3)
09329.a.jpg (128,128,3)
10985.a.jpg (128,128,3)
08329.a.jpg (128,128,3)
06178.a.jpg (128,128,3)
03870.a.jpg (128,128,3)
10282.a.jpg (128,128,3)
05073.a.jpg (128,128,3)
05036.a.jpg (128,128,3)
02526.a.jpg (128,128,3)
09917.a.jpg (128,128,3)
06847.a.jpg (128,128,3)
04372.a.jpg (128,128,3)
11677.a.jpg (128,128,3)
13544.a.jpg (128,128,3)
03811.a.jpg (128,128,3)
03483.a.jpg (128,128,3)
02017.a.jpg (128,128,3)
13269.a.jpg (128,128,3)
01025.a.jpg (128,128,3)
08465.a.jpg (128,128,3)
13168.a.jpg (128,128,3)
09458.a.jpg (128,128,3)
06260.a.jpg (128,128,3)
04116.a.jpg (128,128,3)
09089.a.jpg (128,128,3)
03443.a.jpg (128,128,3)
08837.a.jpg (128,128,3)
12211.a.jpg (128,128,3)
01434.a.jpg (128,128,3)
13254.a.jpg (128,128,3)
10757.a.jpg (128,128,3)
03931.a.jpg (128,128,3)
11757.a.jpg (128,128,3)
09601.a.jpg (128,128,3)
03273.a.jpg (128,128,3)
11413.a.jpg (128,128,3)
02989.a.jpg (128,128,3)
08194.a.jpg (128,128,3)
05215.a.jpg (128,128,3)
05681.a.jpg (128,128,3)
10120.a.jpg (128,128,3)
00772.a.jpg (128,128,3)
04912.a.jpg (128,128,3)
06998.a.jpg (128,128,3)
08332.a.jpg (128,128,3)
03519.a.jpg (128,128,3)
10379.a.jpg (128,128,3)
08990.a.jpg (128,128,3)
11411.a.jpg (128,128,3)
09297.a.jpg (128,128,3)
09603.a.jpg (128,128,3)
08646.a.jpg (128,128,3)
02170.a.jpg (128,128,3)
05425.a.jpg (128,128,3)
02976.a.jpg (128,128,3)
03170.a.jpg (128,128,3)
06043.a.jpg (128,128,3)
07006.a.jpg (128,128,3)
00182.a.jpg (128,128,3)
08587.a.jpg (128,128,3)
06342.a.jpg (128,128,3)
12871.a.jpg (128,128,3)
05877.a.jpg (128,128,3)
01821.a.jpg (128,128,3)
07537.a.jpg (128,128,3)
01899.a.jpg (128,128,3)
03813.a.jpg (128,128,3)
07673.a.jpg (128,128,3)
10630.a.jpg (128,128,3)
00326.a.jpg (128,128,3)
08273.a.jpg (128,128,3)
11360.a.jpg (128,128,3)
07323.a.jpg (128,128,3)
08172.a.jpg (128,128,3)
00796.a.jpg (128,128,3)
10651.a.jpg (128,128,3)
05521.a.jpg (128,128,3)
01497.a.jpg (128,128,3)
02330.a.jpg (128,128,3)
00805.a.jpg (128,128,3)
04148.a.jpg (128,128,3)
04658.a.jpg (128,128,3)
09353.a.jpg (128,128,3)
12975.a.jpg (128,128,3)
06697.a.jpg (128,128,3)
04188.a.jpg (128,128,3)
13988.a.jpg (128,128,3)
09483.a.jpg (128,128,3)
08483.a.jpg (128,128,3)
03721.a.jpg (128,128,3)
11104.a.jpg (128,128,3)
07732.a.jpg (128,128,3)
12442.a.jpg (128,128,3)
07777.a.jpg (128,128,3)
04401.a.jpg (128,128,3)
06777.a.jpg (128,128,3)
04893.a.jpg (128,128,3)
08662.a.jpg (128,128,3)
00123.a.jpg (128,128,3)
02210.a.jpg (128,128,3)
11470.a.jpg (128,128,3)
02578.a.jpg (128,128,3)
06517.a.jpg (128,128,3)
09096.a.jpg (128,128,3)
01306.a.jpg (128,128,3)
02128.a.jpg (128,128,3)
03128.a.jpg (128,128,3)
11020.a.jpg (128,128,3)
03291.a.jpg (128,128,3)
12787.a.jpg (128,128,3)
09277.a.jpg (128,128,3)
14196.a.jpg (128,128,3)
04051.a.jpg (128,128,3)
01637.a.jpg (128,128,3)
02190.a.jpg (128,128,3)
05857.a.jpg (128,128,3)
02214.a.jpg (128,128,3)
04704.a.jpg (128,128,3)
11788.a.jpg (128,128,3)
05440.a.jpg (128,128,3)
11730.a.jpg (128,128,3)
11775.a.jpg (128,128,3)
04328.a.jpg (128,128,3)
08666.a.jpg (128,128,3)
11668.a.jpg (128,128,3)
08850.a.jpg (128,128,3)
08013.a.jpg (128,128,3)
10906.a.jpg (128,128,3)
02760.a.jpg (128,128,3)
11145.a.jpg (128,128,3)
01453.a.jpg (128,128,3)
03725.a.jpg (128,128,3)
06143.a.jpg (128,128,3)
13276.a.jpg (128,128,3)
08786.a.jpg (128,128,3)
09293.a.jpg (128,128,3)
00202.a.jpg (128,128,3)
10751.a.jpg (128,128,3)
01202.a.jpg (128,128,3)
01247.a.jpg (128,128,3)
14137.a.jpg (128,128,3)
06386.a.jpg (128,128,3)
12763.a.jpg (128,128,3)
01146.a.jpg (128,128,3)
00776.a.jpg (128,128,3)
02094.a.jpg (128,128,3)
09336.a.jpg (128,128,3)
01818.a.jpg (128,128,3)
10922.a.jpg (128,128,3)
10967.a.jpg (128,128,3)
12252.a.jpg (128,128,3)
04211.a.jpg (128,128,3)
11967.a.jpg (128,128,3)
08037.a.jpg (128,128,3)
01367.a.jpg (128,128,3)
04501.a.jpg (128,128,3)
04544.a.jpg (128,128,3)
14483.a.jpg (128,128,3)
13193.a.jpg (128,128,3)
05993.a.jpg (128,128,3)
08849.a.jpg (128,128,3)
05168.a.jpg (128,128,3)
04600.a.jpg (128,128,3)
04645.a.jpg (128,128,3)
10570.a.jpg (128,128,3)
01287.a.jpg (128,128,3)
04873.a.jpg (128,128,3)
10340.a.jpg (128,128,3)
05873.a.jpg (128,128,3)
05374.a.jpg (128,128,3)
02621.a.jpg (128,128,3)
05459.a.jpg (128,128,3)
06574.a.jpg (128,128,3)
07574.a.jpg (128,128,3)
00827.a.jpg (128,128,3)
12641.a.jpg (128,128,3)
07531.a.jpg (128,128,3)
00749.a.jpg (128,128,3)
14439.a.jpg (128,128,3)
09461.a.jpg (128,128,3)
01365.a.jpg (128,128,3)
06630.a.jpg (128,128,3)
10673.a.jpg (128,128,3)
05197.a.jpg (128,128,3)
00320.a.jpg (128,128,3)
08115.a.jpg (128,128,3)
03908.a.jpg (128,128,3)
04376.a.jpg (128,128,3)
13034.a.jpg (128,128,3)
08539.a.jpg (128,128,3)
02232.a.jpg (128,128,3)
07085.a.jpg (128,128,3)
09190.a.jpg (128,128,3)
09291.a.jpg (128,128,3)
01568.a.jpg (128,128,3)
01358.a.jpg (128,128,3)
02828.a.jpg (128,128,3)
08876.a.jpg (128,128,3)
11163.a.jpg (128,128,3)
01430.a.jpg (128,128,3)
09371.a.jpg (128,128,3)
06198.a.jpg (128,128,3)
02447.a.jpg (128,128,3)
05586.a.jpg (128,128,3)
04951.a.jpg (128,128,3)
14404.a.jpg (128,128,3)
00509.a.jpg (128,128,3)
05093.a.jpg (128,128,3)
05442.a.jpg (128,128,3)
12893.a.jpg (128,128,3)
08598.a.jpg (128,128,3)
09565.a.jpg (128,128,3)
09520.a.jpg (128,128,3)
12745.a.jpg (128,128,3)
09699.a.jpg (128,128,3)
13130.a.jpg (128,128,3)
08310.a.jpg (128,128,3)
07902.a.jpg (128,128,3)
06902.a.jpg (128,128,3)
13231.a.jpg (128,128,3)
11904.a.jpg (128,128,3)
13188.a.jpg (128,128,3)
08485.a.jpg (128,128,3)
14388.a.jpg (128,128,3)
13521.a.jpg (128,128,3)
09069.a.jpg (128,128,3)
13564.a.jpg (128,128,3)
11612.a.jpg (128,128,3)
12599.a.jpg (128,128,3)
08445.a.jpg (128,128,3)
13665.a.jpg (128,128,3)
10513.a.jpg (128,128,3)
14545.a.jpg (128,128,3)
03543.a.jpg (128,128,3)
05016.a.jpg (128,128,3)
09230.a.jpg (128,128,3)
13785.a.jpg (128,128,3)
03293.a.jpg (128,128,3)
05783.a.jpg (128,128,3)
07024.a.jpg (128,128,3)
12479.a.jpg (128,128,3)
09174.a.jpg (128,128,3)
02438.a.jpg (128,128,3)
06536.a.jpg (128,128,3)
04605.a.jpg (128,128,3)
12646.a.jpg (128,128,3)
03480.a.jpg (128,128,3)
07637.a.jpg (128,128,3)
11044.a.jpg (128,128,3)
10044.a.jpg (128,128,3)
00985.a.jpg (128,128,3)
08586.a.jpg (128,128,3)
02109.a.jpg (128,128,3)
09157.a.jpg (128,128,3)
11345.a.jpg (128,128,3)
14566.a.jpg (128,128,3)
10794.a.jpg (128,128,3)
00616.a.jpg (128,128,3)
05070.a.jpg (128,128,3)
10300.a.jpg (128,128,3)
00106.a.jpg (128,128,3)
03235.a.jpg (128,128,3)
06453.a.jpg (128,128,3)
13723.a.jpg (128,128,3)
14276.a.jpg (128,128,3)
06416.a.jpg (128,128,3)
13766.a.jpg (128,128,3)
09647.a.jpg (128,128,3)
08602.a.jpg (128,128,3)
00242.a.jpg (128,128,3)
01693.a.jpg (128,128,3)
09929.a.jpg (128,128,3)
02741.a.jpg (128,128,3)
07964.a.jpg (128,128,3)
10927.a.jpg (128,128,3)
09077.a.jpg (128,128,3)
12915.a.jpg (128,128,3)
13156.a.jpg (128,128,3)
02328.a.jpg (128,128,3)
00858.a.jpg (128,128,3)
12894.a.jpg (128,128,3)
14582.a.jpg (128,128,3)
07818.a.jpg (128,128,3)
07477.a.jpg (128,128,3)
03254.a.jpg (128,128,3)
11319.a.jpg (128,128,3)
08783.a.jpg (128,128,3)
05937.a.jpg (128,128,3)
12137.a.jpg (128,128,3)
07247.a.jpg (128,128,3)
04937.a.jpg (128,128,3)
13989.a.jpg (128,128,3)
03499.a.jpg (128,128,3)
11615.a.jpg (128,128,3)
11650.a.jpg (128,128,3)
05699.a.jpg (128,128,3)
04664.a.jpg (128,128,3)
09272.a.jpg (128,128,3)
03993.a.jpg (128,128,3)
04817.a.jpg (128,128,3)
00576.a.jpg (128,128,3)
08405.a.jpg (128,128,3)
01843.a.jpg (128,128,3)
01494.a.jpg (128,128,3)
00806.a.jpg (128,128,3)
12209.a.jpg (128,128,3)
13780.a.jpg (128,128,3)
00688.a.jpg (128,128,3)
08171.a.jpg (128,128,3)
03929.a.jpg (128,128,3)
06398.a.jpg (128,128,3)
09932.a.jpg (128,128,3)
01259.a.jpg (128,128,3)
10363.a.jpg (128,128,3)
05828.a.jpg (128,128,3)
00963.a.jpg (128,128,3)
13329.a.jpg (128,128,3)
00549.a.jpg (128,128,3)
02951.a.jpg (128,128,3)
02586.a.jpg (128,128,3)
00221.a.jpg (128,128,3)
01264.a.jpg (128,128,3)
04447.a.jpg (128,128,3)
12271.a.jpg (128,128,3)
00710.a.jpg (128,128,3)
05176.a.jpg (128,128,3)
07245.a.jpg (128,128,3)
10692.a.jpg (128,128,3)
05463.a.jpg (128,128,3)
09993.a.jpg (128,128,3)
13111.a.jpg (128,128,3)
09836.a.jpg (128,128,3)
03868.a.jpg (128,128,3)
13578.a.jpg (128,128,3)
08836.a.jpg (128,128,3)
08758.a.jpg (128,128,3)
13194.a.jpg (128,128,3)
04506.a.jpg (128,128,3)
13992.a.jpg (128,128,3)
00360.a.jpg (128,128,3)
02016.a.jpg (128,128,3)
06534.a.jpg (128,128,3)
03352.a.jpg (128,128,3)
01061.a.jpg (128,128,3)
01709.a.jpg (128,128,3)
03527.a.jpg (128,128,3)
04037.a.jpg (128,128,3)
07341.a.jpg (128,128,3)
05037.a.jpg (128,128,3)
00238.a.jpg (128,128,3)
07728.a.jpg (128,128,3)
05889.a.jpg (128,128,3)
09678.a.jpg (128,128,3)
00515.a.jpg (128,128,3)
03829.a.jpg (128,128,3)
07298.a.jpg (128,128,3)
10162.a.jpg (128,128,3)
07927.a.jpg (128,128,3)
06962.a.jpg (128,128,3)
02446.a.jpg (128,128,3)
08418.a.jpg (128,128,3)
01775.a.jpg (128,128,3)
02276.a.jpg (128,128,3)
06084.a.jpg (128,128,3)
11082.a.jpg (128,128,3)
14270.a.jpg (128,128,3)
10383.a.jpg (128,128,3)
02971.a.jpg (128,128,3)
10717.a.jpg (128,128,3)
01244.a.jpg (128,128,3)
04422.a.jpg (128,128,3)
04467.a.jpg (128,128,3)
01201.a.jpg (128,128,3)
14171.a.jpg (128,128,3)
08912.a.jpg (128,128,3)
06842.a.jpg (128,128,3)
06001.a.jpg (128,128,3)
12334.a.jpg (128,128,3)
08215.a.jpg (128,128,3)
12718.a.jpg (128,128,3)
01863.a.jpg (128,128,3)
01098.a.jpg (128,128,3)
06159.a.jpg (128,128,3)
04017.a.jpg (128,128,3)
00570.a.jpg (128,128,3)
12784.a.jpg (128,128,3)
09936.a.jpg (128,128,3)
09175.a.jpg (128,128,3)
01428.a.jpg (128,128,3)
14075.a.jpg (128,128,3)
04526.a.jpg (128,128,3)
06650.a.jpg (128,128,3)
00305.a.jpg (128,128,3)
00729.a.jpg (128,128,3)
01729.a.jpg (128,128,3)
13598.a.jpg (128,128,3)
11186.a.jpg (128,128,3)
00847.a.jpg (128,128,3)
07241.a.jpg (128,128,3)
14464.a.jpg (128,128,3)
11696.a.jpg (128,128,3)
12659.a.jpg (128,128,3)
00415.a.jpg (128,128,3)
12558.a.jpg (128,128,3)
14110.a.jpg (128,128,3)
01609.a.jpg (128,128,3)
13701.a.jpg (128,128,3)
08851.a.jpg (128,128,3)
01417.a.jpg (128,128,3)
11907.a.jpg (128,128,3)
05170.a.jpg (128,128,3)
05976.a.jpg (128,128,3)
13935.a.jpg (128,128,3)
03460.a.jpg (128,128,3)
03425.a.jpg (128,128,3)
00163.a.jpg (128,128,3)
07436.a.jpg (128,128,3)
12397.a.jpg (128,128,3)
11358.a.jpg (128,128,3)
02151.a.jpg (128,128,3)
14112.a.jpg (128,128,3)
09667.a.jpg (128,128,3)
05439.a.jpg (128,128,3)
09934.a.jpg (128,128,3)
10099.a.jpg (128,128,3)
03997.a.jpg (128,128,3)
11365.a.jpg (128,128,3)
14197.a.jpg (128,128,3)
02997.a.jpg (128,128,3)
02540.a.jpg (128,128,3)
01845.a.jpg (128,128,3)
00845.a.jpg (128,128,3)
12666.a.jpg (128,128,3)
07516.a.jpg (128,128,3)
05660.a.jpg (128,128,3)
01307.a.jpg (128,128,3)
12522.a.jpg (128,128,3)
05209.a.jpg (128,128,3)
06796.a.jpg (128,128,3)
04837.a.jpg (128,128,3)
13072.a.jpg (128,128,3)
04375.a.jpg (128,128,3)
03665.a.jpg (128,128,3)
01981.a.jpg (128,128,3)
06918.a.jpg (128,128,3)
11635.a.jpg (128,128,3)
04545.a.jpg (128,128,3)
01323.a.jpg (128,128,3)
03055.a.jpg (128,128,3)
13543.a.jpg (128,128,3)
07633.a.jpg (128,128,3)
05169.a.jpg (128,128,3)
03311.a.jpg (128,128,3)
00732.a.jpg (128,128,3)
02401.a.jpg (128,128,3)
02394.a.jpg (128,128,3)
10966.a.jpg (128,128,3)
11160.a.jpg (128,128,3)
09643.a.jpg (128,128,3)
10038.a.jpg (128,128,3)
07387.a.jpg (128,128,3)
04420.a.jpg (128,128,3)
11715.a.jpg (128,128,3)
07086.a.jpg (128,128,3)
07546.a.jpg (128,128,3)
10997.a.jpg (128,128,3)
04675.a.jpg (128,128,3)
04589.a.jpg (128,128,3)
08453.a.jpg (128,128,3)
08879.a.jpg (128,128,3)
09752.a.jpg (128,128,3)
13342.a.jpg (128,128,3)
12845.a.jpg (128,128,3)
10370.a.jpg (128,128,3)
04045.a.jpg (128,128,3)
04843.a.jpg (128,128,3)
03510.a.jpg (128,128,3)
03694.a.jpg (128,128,3)
04755.a.jpg (128,128,3)
14243.a.jpg (128,128,3)
03200.a.jpg (128,128,3)
11460.a.jpg (128,128,3)
03144.a.jpg (128,128,3)
12083.a.jpg (128,128,3)
05454.a.jpg (128,128,3)
00277.a.jpg (128,128,3)
10009.a.jpg (128,128,3)
02669.a.jpg (128,128,3)
08637.a.jpg (128,128,3)
08801.a.jpg (128,128,3)
01096.a.jpg (128,128,3)
11580.a.jpg (128,128,3)
06112.a.jpg (128,128,3)
01703.a.jpg (128,128,3)
13920.a.jpg (128,128,3)
02475.a.jpg (128,128,3)
03125.a.jpg (128,128,3)
13433.a.jpg (128,128,3)
11394.a.jpg (128,128,3)
02160.a.jpg (128,128,3)
05435.a.jpg (128,128,3)
02125.a.jpg (128,128,3)
09557.a.jpg (128,128,3)
00954.a.jpg (128,128,3)
12777.a.jpg (128,128,3)
12732.a.jpg (128,128,3)
00911.a.jpg (128,128,3)
00583.a.jpg (128,128,3)
07093.a.jpg (128,128,3)
00849.a.jpg (128,128,3)
08367.a.jpg (128,128,3)
11188.a.jpg (128,128,3)
11936.a.jpg (128,128,3)
12246.a.jpg (128,128,3)
02750.a.jpg (128,128,3)
02038.a.jpg (128,128,3)
09023.a.jpg (128,128,3)
04528.a.jpg (128,128,3)
06948.a.jpg (128,128,3)
05550.a.jpg (128,128,3)
04515.a.jpg (128,128,3)
07562.a.jpg (128,128,3)
12286.a.jpg (128,128,3)
03341.a.jpg (128,128,3)
12022.a.jpg (128,128,3)
04061.a.jpg (128,128,3)
03571.a.jpg (128,128,3)
13067.a.jpg (128,128,3)
01293.a.jpg (128,128,3)
11354.a.jpg (128,128,3)
04024.a.jpg (128,128,3)
02635.a.jpg (128,128,3)
08103.a.jpg (128,128,3)
00833.a.jpg (128,128,3)
06208.a.jpg (128,128,3)
09475.a.jpg (128,128,3)
12983.a.jpg (128,128,3)
12511.a.jpg (128,128,3)
02844.a.jpg (128,128,3)
10667.a.jpg (128,128,3)
12554.a.jpg (128,128,3)
10622.a.jpg (128,128,3)
13511.a.jpg (128,128,3)
13279.a.jpg (128,128,3)
09774.a.jpg (128,128,3)
07109.a.jpg (128,128,3)
04898.a.jpg (128,128,3)
12098.a.jpg (128,128,3)
07051.a.jpg (128,128,3)
01190.a.jpg (128,128,3)
01640.a.jpg (128,128,3)
13775.a.jpg (128,128,3)
06440.a.jpg (128,128,3)
10446.a.jpg (128,128,3)
00581.a.jpg (128,128,3)
08184.a.jpg (128,128,3)
08982.a.jpg (128,128,3)
03127.a.jpg (128,128,3)
09179.a.jpg (128,128,3)
10702.a.jpg (128,128,3)
12788.a.jpg (128,128,3)
08611.a.jpg (128,128,3)
07619.a.jpg (128,128,3)
13695.a.jpg (128,128,3)
12695.a.jpg (128,128,3)
09448.a.jpg (128,128,3)
12943.a.jpg (128,128,3)
02597.a.jpg (128,128,3)
05456.a.jpg (128,128,3)
12887.a.jpg (128,128,3)
04839.a.jpg (128,128,3)
08219.a.jpg (128,128,3)
01395.a.jpg (128,128,3)
02432.a.jpg (128,128,3)
07211.a.jpg (128,128,3)
00701.a.jpg (128,128,3)
12609.a.jpg (128,128,3)
06916.a.jpg (128,128,3)
03776.a.jpg (128,128,3)
02733.a.jpg (128,128,3)
07953.a.jpg (128,128,3)
08491.a.jpg (128,128,3)
10643.a.jpg (128,128,3)
07600.a.jpg (128,128,3)
11606.a.jpg (128,128,3)
14409.a.jpg (128,128,3)
00485.a.jpg (128,128,3)
11542.a.jpg (128,128,3)
01621.a.jpg (128,128,3)
13041.a.jpg (128,128,3)
11888.a.jpg (128,128,3)
05346.a.jpg (128,128,3)
13340.a.jpg (128,128,3)
09125.a.jpg (128,128,3)
05227.a.jpg (128,128,3)
10157.a.jpg (128,128,3)
05998.a.jpg (128,128,3)
09842.a.jpg (128,128,3)
14488.a.jpg (128,128,3)
09807.a.jpg (128,128,3)
06215.a.jpg (128,128,3)
04163.a.jpg (128,128,3)
05965.a.jpg (128,128,3)
05920.a.jpg (128,128,3)
08345.a.jpg (128,128,3)
07308.a.jpg (128,128,3)
06460.a.jpg (128,128,3)
11466.a.jpg (128,128,3)
12755.a.jpg (128,128,3)
02243.a.jpg (128,128,3)
04452.a.jpg (128,128,3)
06724.a.jpg (128,128,3)
03142.a.jpg (128,128,3)
04417.a.jpg (128,128,3)
13411.a.jpg (128,128,3)
04885.a.jpg (128,128,3)
02593.a.jpg (128,128,3)
05083.a.jpg (128,128,3)
00271.a.jpg (128,128,3)
07034.a.jpg (128,128,3)
11871.a.jpg (128,128,3)
04307.a.jpg (128,128,3)
09298.a.jpg (128,128,3)
03182.a.jpg (128,128,3)
13494.a.jpg (128,128,3)
11333.a.jpg (128,128,3)
01108.a.jpg (128,128,3)
08265.a.jpg (128,128,3)
09455.a.jpg (128,128,3)
05958.a.jpg (128,128,3)
05673.a.jpg (128,128,3)
13630.a.jpg (128,128,3)
01856.a.jpg (128,128,3)
10296.a.jpg (128,128,3)
03821.a.jpg (128,128,3)
04572.a.jpg (128,128,3)
01314.a.jpg (128,128,3)
01169.a.jpg (128,128,3)
08690.a.jpg (128,128,3)
07785.a.jpg (128,128,3)
14571.a.jpg (128,128,3)
03918.a.jpg (128,128,3)
08903.a.jpg (128,128,3)
07484.a.jpg (128,128,3)
05323.a.jpg (128,128,3)
11855.a.jpg (128,128,3)
06010.a.jpg (128,128,3)
02003.a.jpg (128,128,3)
02805.a.jpg (128,128,3)
03840.a.jpg (128,128,3)
04513.a.jpg (128,128,3)
01089.a.jpg (128,128,3)
08735.a.jpg (128,128,3)
08770.a.jpg (128,128,3)
00089.a.jpg (128,128,3)
10562.a.jpg (128,128,3)
13614.a.jpg (128,128,3)
03302.a.jpg (128,128,3)
03796.a.jpg (128,128,3)
09361.a.jpg (128,128,3)
04596.a.jpg (128,128,3)
04904.a.jpg (128,128,3)
06231.a.jpg (128,128,3)
01348.a.jpg (128,128,3)
10975.a.jpg (128,128,3)
06745.a.jpg (128,128,3)
13435.a.jpg (128,128,3)
09281.a.jpg (128,128,3)
09239.a.jpg (128,128,3)
06401.a.jpg (128,128,3)
01585.a.jpg (128,128,3)
02222.a.jpg (128,128,3)
12242.a.jpg (128,128,3)
09027.a.jpg (128,128,3)
05668.a.jpg (128,128,3)
08182.a.jpg (128,128,3)
02548.a.jpg (128,128,3)
10328.a.jpg (128,128,3)
11091.a.jpg (128,128,3)
07829.a.jpg (128,128,3)
03962.a.jpg (128,128,3)
02164.a.jpg (128,128,3)
12437.a.jpg (128,128,3)
09107.a.jpg (128,128,3)
10315.a.jpg (128,128,3)
11781.a.jpg (128,128,3)
13026.a.jpg (128,128,3)
06356.a.jpg (128,128,3)
04748.a.jpg (128,128,3)
12616.a.jpg (128,128,3)
07523.a.jpg (128,128,3)
01835.a.jpg (128,128,3)
03300.a.jpg (128,128,3)
04655.a.jpg (128,128,3)
11109.a.jpg (128,128,3)
04279.a.jpg (128,128,3)
02842.a.jpg (128,128,3)
01332.a.jpg (128,128,3)
09267.a.jpg (128,128,3)
02239.a.jpg (128,128,3)
05041.a.jpg (128,128,3)
01627.a.jpg (128,128,3)
03986.a.jpg (128,128,3)
13841.a.jpg (128,128,3)
09166.a.jpg (128,128,3)
07875.a.jpg (128,128,3)
10836.a.jpg (128,128,3)
05305.a.jpg (128,128,3)
11873.a.jpg (128,128,3)
02025.a.jpg (128,128,3)
02823.a.jpg (128,128,3)
09838.a.jpg (128,128,3)
03823.a.jpg (128,128,3)
09756.a.jpg (128,128,3)
10544.a.jpg (128,128,3)
12632.a.jpg (128,128,3)
06193.a.jpg (128,128,3)
09457.a.jpg (128,128,3)
08086.a.jpg (128,128,3)
07252.a.jpg (128,128,3)
10254.a.jpg (128,128,3)
08497.a.jpg (128,128,3)
08805.a.jpg (128,128,3)
11678.a.jpg (128,128,3)
11584.a.jpg (128,128,3)
04260.a.jpg (128,128,3)
07582.a.jpg (128,128,3)
05225.a.jpg (128,128,3)
05450.a.jpg (128,128,3)
11499.a.jpg (128,128,3)
03628.a.jpg (128,128,3)
04380.a.jpg (128,128,3)
04714.a.jpg (128,128,3)
05751.a.jpg (128,128,3)
12712.a.jpg (128,128,3)
00931.a.jpg (128,128,3)
08826.a.jpg (128,128,3)
12694.a.jpg (128,128,3)
02716.a.jpg (128,128,3)
06234.a.jpg (128,128,3)
00724.a.jpg (128,128,3)
12942.a.jpg (128,128,3)
06090.a.jpg (128,128,3)
09279.a.jpg (128,128,3)
00912.a.jpg (128,128,3)
01250.a.jpg (128,128,3)
13475.a.jpg (128,128,3)
13358.a.jpg (128,128,3)
09655.a.jpg (128,128,3)
08594.a.jpg (128,128,3)
05899.a.jpg (128,128,3)
00540.a.jpg (128,128,3)
12320.a.jpg (128,128,3)
10013.a.jpg (128,128,3)
07351.a.jpg (128,128,3)
10522.a.jpg (128,128,3)
11522.a.jpg (128,128,3)
11567.a.jpg (128,128,3)
12184.a.jpg (128,128,3)
00370.a.jpg (128,128,3)
01335.a.jpg (128,128,3)
03043.a.jpg (128,128,3)
08775.a.jpg (128,128,3)
10373.a.jpg (128,128,3)
12040.a.jpg (128,128,3)
05046.a.jpg (128,128,3)
14515.a.jpg (128,128,3)
03556.a.jpg (128,128,3)
01148.a.jpg (128,128,3)
07089.a.jpg (128,128,3)
00148.a.jpg (128,128,3)
10874.a.jpg (128,128,3)
11831.a.jpg (128,128,3)
13341.a.jpg (128,128,3)
06031.a.jpg (128,128,3)
03939.a.jpg (128,128,3)
04532.a.jpg (128,128,3)
09450.a.jpg (128,128,3)
09887.a.jpg (128,128,3)
12670.a.jpg (128,128,3)
14360.a.jpg (128,128,3)
09729.a.jpg (128,128,3)
11152.a.jpg (128,128,3)
01095.a.jpg (128,128,3)
05267.a.jpg (128,128,3)
08041.a.jpg (128,128,3)
01369.a.jpg (128,128,3)
09671.a.jpg (128,128,3)
13451.a.jpg (128,128,3)
02596.a.jpg (128,128,3)
09218.a.jpg (128,128,3)
14240.a.jpg (128,128,3)
00130.a.jpg (128,128,3)
05387.a.jpg (128,128,3)
05548.a.jpg (128,128,3)
13263.a.jpg (128,128,3)
11115.a.jpg (128,128,3)
06915.a.jpg (128,128,3)
07113.a.jpg (128,128,3)
07587.a.jpg (128,128,3)
10150.a.jpg (128,128,3)
05220.a.jpg (128,128,3)
08342.a.jpg (128,128,3)
08793.a.jpg (128,128,3)
01829.a.jpg (128,128,3)
11680.a.jpg (128,128,3)
06257.a.jpg (128,128,3)
03695.a.jpg (128,128,3)
02201.a.jpg (128,128,3)
12717.a.jpg (128,128,3)
00971.a.jpg (128,128,3)
13082.a.jpg (128,128,3)
02668.a.jpg (128,128,3)
05378.a.jpg (128,128,3)
11008.a.jpg (128,128,3)
04468.a.jpg (128,128,3)
09163.a.jpg (128,128,3)
05794.a.jpg (128,128,3)
11833.a.jpg (128,128,3)
02279.a.jpg (128,128,3)
12007.a.jpg (128,128,3)
08998.a.jpg (128,128,3)
04495.a.jpg (128,128,3)
10504.a.jpg (128,128,3)
10996.a.jpg (128,128,3)
04631.a.jpg (128,128,3)
11605.a.jpg (128,128,3)
06297.a.jpg (128,128,3)
07928.a.jpg (128,128,3)
05866.a.jpg (128,128,3)
01292.a.jpg (128,128,3)
03535.a.jpg (128,128,3)
03218.a.jpg (128,128,3)
11478.a.jpg (128,128,3)
08203.a.jpg (128,128,3)
05708.a.jpg (128,128,3)
06854.a.jpg (128,128,3)
12557.a.jpg (128,128,3)
02041.a.jpg (128,128,3)
12980.a.jpg (128,128,3)
10520.a.jpg (128,128,3)
13613.a.jpg (128,128,3)
14456.a.jpg (128,128,3)
04105.a.jpg (128,128,3)
11275.a.jpg (128,128,3)
05140.a.jpg (128,128,3)
02081.a.jpg (128,128,3)
00763.a.jpg (128,128,3)
07273.a.jpg (128,128,3)
02338.a.jpg (128,128,3)
11189.a.jpg (128,128,3)
06989.a.jpg (128,128,3)
13247.a.jpg (128,128,3)
11937.a.jpg (128,128,3)
05529.a.jpg (128,128,3)
11288.a.jpg (128,128,3)
11659.a.jpg (128,128,3)
09861.a.jpg (128,128,3)
11744.a.jpg (128,128,3)
07742.a.jpg (128,128,3)
08556.a.jpg (128,128,3)
08187.a.jpg (128,128,3)
05018.a.jpg (128,128,3)
09981.a.jpg (128,128,3)
09556.a.jpg (128,128,3)
11445.a.jpg (128,128,3)
13776.a.jpg (128,128,3)
05179.a.jpg (128,128,3)
07567.a.jpg (128,128,3)
09736.a.jpg (128,128,3)
11108.a.jpg (128,128,3)
04555.a.jpg (128,128,3)
06623.a.jpg (128,128,3)
13516.a.jpg (128,128,3)
07850.a.jpg (128,128,3)
06357.a.jpg (128,128,3)
03688.a.jpg (128,128,3)
08552.a.jpg (128,128,3)
09183.a.jpg (128,128,3)
12772.a.jpg (128,128,3)
14126.a.jpg (128,128,3)
00687.a.jpg (128,128,3)
07703.a.jpg (128,128,3)
10705.a.jpg (128,128,3)
05475.a.jpg (128,128,3)
13243.a.jpg (128,128,3)
07176.a.jpg (128,128,3)
05669.a.jpg (128,128,3)
02379.a.jpg (128,128,3)
03104.a.jpg (128,128,3)
13412.a.jpg (128,128,3)
13880.a.jpg (128,128,3)
01237.a.jpg (128,128,3)
14596.a.jpg (128,128,3)
05414.a.jpg (128,128,3)
04339.a.jpg (128,128,3)
01173.a.jpg (128,128,3)
14433.a.jpg (128,128,3)
05966.a.jpg (128,128,3)
09002.a.jpg (128,128,3)
00442.a.jpg (128,128,3)
08839.a.jpg (128,128,3)
03867.a.jpg (128,128,3)
13532.a.jpg (128,128,3)
07969.a.jpg (128,128,3)
08712.a.jpg (128,128,3)
12633.a.jpg (128,128,3)
00053.a.jpg (128,128,3)
13633.a.jpg (128,128,3)
14323.a.jpg (128,128,3)
10268.a.jpg (128,128,3)
04728.a.jpg (128,128,3)
08223.a.jpg (128,128,3)
02987.a.jpg (128,128,3)
03515.a.jpg (128,128,3)
01626.a.jpg (128,128,3)
04429.a.jpg (128,128,3)
02139.a.jpg (128,128,3)
10031.a.jpg (128,128,3)
12347.a.jpg (128,128,3)
14286.a.jpg (128,128,3)
09454.a.jpg (128,128,3)
01739.a.jpg (128,128,3)
13588.a.jpg (128,128,3)
12159.a.jpg (128,128,3)
03362.a.jpg (128,128,3)
11196.a.jpg (128,128,3)
01781.a.jpg (128,128,3)
12794.a.jpg (128,128,3)
05343.a.jpg (128,128,3)
10870.a.jpg (128,128,3)
09648.a.jpg (128,128,3)
03282.a.jpg (128,128,3)
06718.a.jpg (128,128,3)
12468.a.jpg (128,128,3)
02978.a.jpg (128,128,3)
12044.a.jpg (128,128,3)
12769.a.jpg (128,128,3)
12079.a.jpg (128,128,3)
03207.a.jpg (128,128,3)
01932.a.jpg (128,128,3)
03693.a.jpg (128,128,3)
05717.a.jpg (128,128,3)
07461.a.jpg (128,128,3)
11808.a.jpg (128,128,3)
09158.a.jpg (128,128,3)
06725.a.jpg (128,128,3)
03143.a.jpg (128,128,3)
02945.a.jpg (128,128,3)
05453.a.jpg (128,128,3)
13220.a.jpg (128,128,3)
10950.a.jpg (128,128,3)
13927.a.jpg (128,128,3)
06251.a.jpg (128,128,3)
05921.a.jpg (128,128,3)
07680.a.jpg (128,128,3)
08469.a.jpg (128,128,3)
09795.a.jpg (128,128,3)
09344.a.jpg (128,128,3)
13434.a.jpg (128,128,3)
01254.a.jpg (128,128,3)
01685.a.jpg (128,128,3)
06395.a.jpg (128,128,3)
12319.a.jpg (128,128,3)
11869.a.jpg (128,128,3)
06069.a.jpg (128,128,3)
01155.a.jpg (128,128,3)
13735.a.jpg (128,128,3)
14260.a.jpg (128,128,3)
04818.a.jpg (128,128,3)
14508.a.jpg (128,128,3)
03087.a.jpg (128,128,3)
11273.a.jpg (128,128,3)
05940.a.jpg (128,128,3)
06288.a.jpg (128,128,3)
09867.a.jpg (128,128,3)
01464.a.jpg (128,128,3)
02712.a.jpg (128,128,3)
12204.a.jpg (128,128,3)
12180.a.jpg (128,128,3)
10662.a.jpg (128,128,3)
11627.a.jpg (128,128,3)
04287.a.jpg (128,128,3)
11526.a.jpg (128,128,3)
01030.a.jpg (128,128,3)
01075.a.jpg (128,128,3)
14428.a.jpg (128,128,3)
04938.a.jpg (128,128,3)
08470.a.jpg (128,128,3)
07355.a.jpg (128,128,3)
00294.a.jpg (128,128,3)
14535.a.jpg (128,128,3)
09141.a.jpg (128,128,3)
09590.a.jpg (128,128,3)
14119.a.jpg (128,128,3)
00195.a.jpg (128,128,3)
03632.a.jpg (128,128,3)
01195.a.jpg (128,128,3)
